10 Захарченко Яна Александровна 23КНТ-4 8 8 7 8 5 2 1 6 0 5 6 5 8 10 0 9 9 9 0 5 
0 Агафонов Алексей Львович 23КНТ-4 5 6 0 5 6 8 5 7 10 4 0 7 6 1 4 10 6 9 0 5 
1 Александрова Ксения Алексеевна 23КНТ-4 4 3 4 9 3 10 6 10 1 2 6 3 1 2 9 2 6 10 5 6 
2 Баганов Василий Максимович 23КНТ-4 6 5 1 0 9 5 2 8 1 7 3 9 0 2 0 4 0 3 7 7 
3 Бартия Тимур Зурабович 23КНТ-4 5 8 7 5 0 1 10 1 9 10 7 3 10 5 3 3 8 9 3 5 
4 Булатова Елизавета Александровна 23КНТ-4 3 2 10 1 4 3 4 10 6 6 7 2 5 10 8 5 3 4 2 8 
5 Валеев Руслан Муратович 23КНТ-4 5 0 10 3 6 3 2 8 9 4 3 9 7 9 5 6 5 8 4 3 
6 Власов Артём Дмитриевич 23КНТ-4 2 4 7 3 5 9 1 0 10 6 2 3 1 9 9 2 0 2 2 2 
7 Войцеховская Василиса Дмитриевна 23КНТ-4 1 0 2 0 3 2 2 1 10 7 3 2 3 1 0 5 0 5 10 1 
8 Горбенко Антон Русланович 23КНТ-4 8 9 10 5 7 0 3 3 8 10 9 9 8 10 8 1 9 5 9 9 
9 Еналиев Кирилл Альфретович 23КНТ-4 6 6 8 1 4 5 9 1 6 10 4 0 6 3 5 4 8 9 8 9 
11 Ким Игорь Геннадьевич 23КНТ-4 7 2 3 5 8 10 8 7 8 3 9 3 3 2 10 10 6 4 9 6 
12 Кузьмин Дмитрий Семенович 23КНТ-4 7 9 4 3 6 5 10 3 8 8 3 5 1 4 7 2 8 7 2 7 
13 Кукушкина Ирина Романовна 23КНТ-4 4 0 8 8 3 5 0 4 6 2 3 5 10 0 2 8 7 7 8 3 
14 Левицкая Алиса Алексеевна 23КНТ-4 1 6 7 8 8 10 3 4 9 2 10 3 1 5 10 8 2 9 3 0 
15 Лобанов Эдуард Сергеевич 23КНТ-4 10 7 0 9 5 7 8 8 3 9 3 8 8 1 3 7 3 5 5 2 
16 Макаров Тимофей Дмитриевич 23КНТ-4 8 3 2 8 1 2 3 4 2 5 9 2 6 2 2 8 1 0 5 6 
17 Михайлов Артём Олегович 23КНТ-4 10 9 5 8 3 4 2 7 10 0 6 8 10 9 7 0 8 2 0 7 
18 Новожилова Вероника Александровна 23КНТ-4 7 9 0 6 4 4 9 2 10 2 10 3 2 7 0 6 10 8 7 6 
19 Петрова Дарья Максимовна 23КНТ-4 2 9 5 0 1 7 10 4 6 10 7 6 8 3 1 10 2 1 3 2 
20 Печалинова Богдана Викторовна 23КНТ-4 1 8 8 2 4 3 0 5 9 4 4 2 2 10 2 0 9 6 7 2 
21 Поляков Евгений Романович 23КНТ-4 2 5 4 3 1 3 10 5 4 10 9 4 5 1 0 1 5 1 10 0 
22 Савин Иван Алексеевич 23КНТ-4 3 3 1 3 6 1 6 10 6 8 3 6 8 8 3 7 6 10 4 1 
23 Сергеев Максим Викторович 23КНТ-4 7 4 9 6 5 7 2 9 6 8 5 5 3 9 10 9 1 6 1 2 
24 Соболев Григорий Андреевич 23КНТ-4 0 2 6 10 8 6 5 8 7 1 6 7 0 8 1 6 3 3 3 6 
25 Тартаковский Артем Игоревич 23КНТ-4 9 4 2 10 8 10 6 7 5 2 2 4 3 0 4 5 2 9 1 3 
26 Титова Тамара Сергеевна 23КНТ-4 10 5 3 3 4 10 2 10 1 0 2 2 4 1 8 2 1 1 9 7 
27 Хнычков Артём Олегович 23КНТ-4 7 10 8 10 7 7 7 3 4 5 3 1 2 7 8 10 1 2 3 6 
28 Чуркина Екатерина Николаевна 23КНТ-4 5 1 8 2 3 7 0 1 1 0 0 6 8 0 3 4 7 3 6 0 
42 Майорова Мария Вадимовна 23КНТ-5 7 5 10 8 9 5 5 1 6 6 9 2 1 9 4 0 0 7 1 0 
29 Блинов Никита Вадимович 23КНТ-5 4 5 1 1 9 5 10 0 4 4 7 1 5 7 9 7 1 3 5 7 
30 Борисов Семён Сергеевич 23КНТ-5 5 0 1 2 10 4 6 1 7 1 10 9 10 7 1 10 8 5 8 2 
31 Валекаев Дмитрий Иванович 23КНТ-5 5 10 1 8 5 1 8 7 9 10 3 1 10 5 8 8 8 5 8 7 
32 Ворожейкина Ксения Андреевна 23КНТ-5 9 7 10 10 9 4 10 5 5 9 0 9 8 7 2 1 5 9 1 1 
33 Гусаров Егор Вадимович 23КНТ-5 8 5 4 3 1 5 0 0 5 0 9 6 7 3 7 9 8 3 6 4 
34 Дятлов Андрей Олегович 23КНТ-5 7 8 7 9 9 3 1 5 7 1 5 7 10 7 10 5 8 9 6 5 
35 Игонина Ксения Александровна 23КНТ-5 9 9 9 4 5 9 8 6 8 10 5 0 6 9 10 8 4 5 6 2 
36 Иконников Андрей Васильевич 23КНТ-5 9 9 8 3 5 0 8 5 1 5 3 8 7 1 9 10 9 9 0 0 
37 Колобова Ирина Юрьевна 23КНТ-5 8 8 2 6 9 4 3 8 0 1 1 2 8 5 3 2 9 9 7 3 
38 Косульников Дмитрий Алексеевич 23КНТ-5 4 3 9 5 0 4 7 10 0 0 1 10 10 5 7 2 3 2 3 9 
39 Кривошеев Дмитрий Александрович 23КНТ-5 7 6 3 4 8 5 8 8 5 2 3 8 4 2 5 7 5 7 2 3 
40 Леонов Александр Андреевич 23КНТ-5 10 2 4 10 2 9 7 0 3 8 1 0 6 6 0 1 3 9 10 8 
41 Ляпин Дмитрий Алексеевич 23КНТ-5 10 2 4 9 2 1 3 1 2 5 9 6 10 0 9 2 9 1 9 4 
43 Парфенов Даниил Александрович 23КНТ-5 10 9 10 1 6 7 3 7 10 9 3 5 2 6 9 9 10 6 8 5 
44 Пестов Лев Евгеньевич 23КНТ-5 4 10 8 0 9 1 0 8 10 2 7 4 1 2 8 0 0 2 0 1 
45 Пищаева Анастасия Олеговна 23КНТ-5 5 3 6 10 0 5 7 5 4 7 6 10 9 2 10 6 0 7 6 0 
46 Преженцов Егор Андреевич 23КНТ-5 2 1 7 10 6 2 1 3 6 4 2 2 4 3 9 0 10 8 9 7 
47 Прокопец Артем Игоревич 23КНТ-5 0 0 3 10 6 0 10 8 0 10 4 4 0 0 9 8 8 6 9 5 
48 Пятериков Денис Иванович 23КНТ-5 1 3 1 6 2 4 9 3 1 8 4 8 1 7 10 10 4 5 6 4 
49 Рандин Арсений Андреевич 23КНТ-5 7 10 10 3 6 0 8 6 9 0 2 7 2 4 8 6 7 10 7 1 
50 Соловьев Кирилл Антонович 23КНТ-5 0 5 10 1 10 5 10 3 8 1 10 8 2 3 3 0 9 2 6 1 
51 Субботина Татьяна Евгеньевна 23КНТ-5 7 9 6 10 10 10 4 4 3 4 8 3 7 10 4 3 1 10 10 6 
52 Хохлов Тимофей Дмитриевич 23КНТ-5 5 5 7 5 5 4 2 4 0 7 6 10 8 5 8 7 1 1 4 10 
53 Чванов Илья Викторович 23КНТ-5 4 0 3 2 10 4 1 4 9 5 1 0 3 0 5 1 8 8 10 6 
54 Чезрякова Юлия Дмитриевна 23КНТ-5 7 8 3 7 5 3 4 10 0 3 6 3 7 1 0 6 5 2 9 6 
55 Чистов Александр Николаевич 23КНТ-5 1 7 1 10 10 6 6 9 1 10 6 0 1 8 2 2 9 10 1 10 
56 Чумовицкий Степан Александрович 23КНТ-5 0 6 0 2 5 2 2 0 1 0 0 2 1 6 10 0 0 6 6 2 
57 Шубина Полина Дмитриевна 23КНТ-5 0 10 5 2 7 4 1 8 4 6 3 6 9 4 7 6 10 4 0 8 
73 Михеева Алина Андреевна 23КНТ-6 4 9 1 4 5 6 4 2 10 0 2 0 6 3 5 7 5 2 6 2 
58 Алимова Алиса Рустамовна 23КНТ-6 0 7 3 3 3 3 0 10 10 7 4 1 5 10 1 7 0 1 7 6 
59 Береснев Вадим Сергеевич 23КНТ-6 4 3 7 8 5 5 6 4 1 6 10 3 3 2 2 4 1 10 8 8 
60 Варакин Владислав Дмитриевич 23КНТ-6 4 9 1 1 1 8 8 6 7 3 6 0 9 3 6 5 0 5 0 3 
61 Выставкин Константин Максимович 23КНТ-6 4 2 7 9 3 10 8 9 6 8 3 1 3 4 5 9 10 5 7 2 
62 Громова Дарья Сергеевна 23КНТ-6 7 1 0 4 10 9 10 2 6 3 9 9 3 6 0 9 8 1 8 6 
63 Демина Дарья Сергеевна 23КНТ-6 4 2 8 10 1 0 0 8 10 3 1 8 7 4 1 0 5 1 2 4 
64 Дурнина Лилия Сергеевна 23КНТ-6 10 10 10 8 8 7 10 5 3 7 7 7 2 1 9 8 4 3 7 10 
65 Касимов Тейфук Эльманович 23КНТ-6 5 3 10 4 10 1 1 7 8 5 4 3 0 2 3 4 4 7 3 9 
66 Клочко Артём Александрович 23КНТ-6 9 0 3 7 2 4 5 5 10 10 9 0 7 3 5 0 10 6 9 1 
67 Клочков Иван Сергеевич 23КНТ-6 2 10 0 7 1 9 3 2 4 8 5 9 5 10 7 0 3 10 3 6 
68 Ли Владислав Владимирович 23КНТ-6 5 0 0 7 1 5 1 8 2 8 6 9 4 8 4 3 3 6 1 9 
69 Магус Юрий Васильевич 23КНТ-6 2 6 2 3 5 5 0 10 1 3 5 0 7 7 1 9 1 2 6 2 
70 Мазурин Илья Александрович 23КНТ-6 1 6 1 9 3 0 9 9 6 0 2 2 7 4 8 4 2 9 4 10 
71 Маклова Екатерина Алексеевна 23КНТ-6 4 10 5 0 0 5 2 3 2 9 4 6 8 3 3 9 3 10 0 0 
72 Мальцев Владислав Михайлович 23КНТ-6 1 9 6 7 7 8 1 4 1 5 8 6 1 2 3 6 1 9 5 10 
74 Орешкин Максим Сергеевич 23КНТ-6 9 4 6 8 3 9 7 0 2 8 3 6 6 9 3 9 6 7 5 0 
75 Павлов Иван Петрович 23КНТ-6 3 4 9 10 10 5 7 9 7 10 0 4 2 10 10 2 7 4 5 7 
76 Павлов Матвей Михайлович 23КНТ-6 8 8 10 8 8 1 7 5 4 1 3 0 10 10 10 4 7 1 10 0 
77 Павлова Ирина Александровна 23КНТ-6 0 1 0 6 8 4 3 5 8 6 5 5 6 4 4 8 3 3 9 9 
78 Смыков Виктор Денисович 23КНТ-6 8 0 0 6 0 5 1 10 4 2 10 9 6 2 1 10 10 1 3 2 
79 Телегин Георгий Александрович 23КНТ-6 7 8 0 10 6 9 2 0 3 4 7 0 0 9 10 0 1 7 4 7 
80 Троицкий Никита Александрович 23КНТ-6 2 2 0 3 4 5 0 6 3 6 2 2 7 7 8 7 4 7 7 10 
81 Фурман Александр Олегович 23КНТ-6 6 1 4 6 9 1 5 5 2 3 0 5 8 0 7 0 9 8 3 3 
82 Царапкин Егор Владимирович 23КНТ-6 0 9 0 5 3 7 4 5 3 5 9 5 7 10 1 3 8 0 6 1 
83 Чебуров Владимир Сергеевич 23КНТ-6 10 2 4 2 6 7 8 0 10 0 3 2 4 8 6 10 7 6 6 1 
84 Черезов Лев Константинович 23КНТ-6 5 5 0 0 4 7 5 7 4 0 1 4 0 5 3 5 4 6 8 0 
85 Чупрова Наталья Павловна 23КНТ-6 6 10 8 9 8 8 7 3 6 2 4 1 4 6 10 6 7 9 5 7 
86 Яновский Дмитрий Александрович 23КНТ-6 8 5 0 4 5 9 3 8 6 10 7 5 5 1 5 10 5 10 9 8 
106 Макшаева Меланья Александровна 23КНТ-7 1 3 9 0 3 0 2 3 2 5 2 7 10 0 0 7 10 4 2 5 
87 Андриянов Арсений Олегович 23КНТ-7 7 5 3 2 3 5 1 8 0 10 9 3 5 7 6 0 5 8 8 10 
88 Антонов Артём Владимирович 23КНТ-7 7 10 0 2 3 9 1 4 10 9 0 4 4 4 6 5 8 6 8 10 
89 Антонов Артем Максимович 23КНТ-7 6 7 2 1 1 3 6 3 7 5 0 7 2 7 4 2 4 9 4 1 
90 Апрасидзе Георгий Тенгизиевич 23КНТ-7 6 3 5 0 2 8 1 10 2 6 5 4 9 10 8 3 10 5 0 10 
91 Бакулев Семён Олегович 23КНТ-7 2 2 10 7 7 7 1 5 6 8 7 7 9 7 2 9 6 4 7 2 
92 Баурина Анна Андреевна 23КНТ-7 10 1 8 1 0 10 2 3 1 8 0 6 1 3 8 8 7 6 3 6 
93 Бирюкова Ирина Алексеевна 23КНТ-7 2 3 5 1 5 10 5 3 7 2 1 1 6 9 8 7 10 1 1 2 
94 Бобровицкий Кирилл Сергеевич 23КНТ-7 7 10 6 0 1 8 5 10 5 9 1 5 8 6 7 9 6 0 4 0 
95 Бобровицкий Максим Сергеевич 23КНТ-7 1 10 5 10 4 8 6 8 4 1 9 0 4 2 3 9 0 5 2 0 
96 Бухвалов Иван Артемович 23КНТ-7 2 10 2 8 5 0 3 3 0 1 6 6 0 3 8 7 5 2 0 5 
97 Васильева Виктория Алексеевна 23КНТ-7 5 8 6 2 7 9 8 6 9 9 10 1 10 9 5 3 8 6 1 3 
98 Васильченко Степан Дмитриевич 23КНТ-7 0 0 6 7 3 1 4 3 8 4 9 3 6 2 7 3 2 5 0 0 
99 Грачкова Анастасия Александровна 23КНТ-7 0 4 4 2 8 8 6 4 3 7 5 6 10 3 8 8 8 0 3 1 
100 Громачихин Денис Алексеевич 23КНТ-7 5 4 4 2 8 7 9 4 9 0 6 2 3 10 9 5 1 10 4 0 
101 Данченко Надежда Руслановна 23КНТ-7 3 4 8 0 10 3 6 4 7 1 2 2 8 5 8 6 1 1 5 8 
102 Егорова Анастасия Алексеевна 23КНТ-7 6 3 6 3 2 8 1 2 9 8 7 10 10 5 1 8 6 3 7 9 
103 Заболотский Степан Андреевич 23КНТ-7 8 7 8 6 8 10 6 10 1 4 4 2 10 8 10 0 7 10 6 4 
104 Кузнецов Антон Васильевич 23КНТ-7 9 10 8 7 9 8 10 2 3 10 7 6 10 8 4 2 1 2 4 1 
105 Курятников Дмитрий Максимович 23КНТ-7 8 10 3 8 8 5 4 4 10 1 9 6 6 7 4 4 5 0 0 9 
107 Маркисова Кристина Александровна 23КНТ-7 3 8 9 9 6 5 10 7 10 10 0 3 10 5 6 9 0 5 8 2 
108 Маряхин Никита Романович 23КНТ-7 7 4 1 5 6 3 2 4 0 6 6 2 2 6 7 10 3 8 4 7 
109 Мухаметшин Руслан Рашидович 23КНТ-7 9 2 2 1 1 9 8 0 5 4 6 5 1 8 5 3 6 10 6 3 
110 Новикова Софья Алексеевна 23КНТ-7 10 3 0 9 7 10 2 0 1 8 8 9 3 9 5 4 7 9 7 3 
111 Романенко Платон Алексеевич 23КНТ-7 7 8 10 9 5 10 3 2 1 0 1 9 7 10 1 3 8 0 6 9 
112 Сесекина Елена Георгиевна 23КНТ-7 8 0 3 6 3 1 5 0 10 4 7 7 7 6 3 6 6 2 2 0 
113 Смирнов Даниил Андреевич 23КНТ-7 7 3 7 5 2 8 9 2 4 3 4 4 4 0 10 0 6 2 10 4 
114 Степанов Андрей Сергеевич 23КНТ-7 4 8 6 5 10 6 1 0 10 2 3 9 10 1 10 4 7 9 9 3 
115 Федоров Роман Романович 23КНТ-7 10 7 1 5 3 0 6 6 7 9 3 5 10 10 8 6 4 5 2 9 
116 Батяев Егор Константинович 23КНТ-8 3 9 6 8 8 5 5 2 2 5 4 9 0 3 8 8 3 2 6 10 
117 Воронин Андрей Евгеньевич 23КНТ-8 10 9 5 9 7 10 10 8 2 5 5 9 10 6 4 2 4 5 5 8 
118 Гарин Андрей Дмитриевич 23КНТ-8 0 0 10 8 5 6 3 2 5 6 3 8 1 6 4 6 6 8 6 0 
119 Дружков Матвей Игоревич 23КНТ-8 5 3 10 6 3 9 2 2 0 8 4 3 1 10 1 1 0 2 0 8 
120 Дю Вадим Александрович 23КНТ-8 0 1 6 0 1 9 1 5 5 1 5 2 0 9 2 3 8 3 10 8 
121 Евдокимов Тимур Александрович 23КНТ-8 2 4 10 7 7 6 6 1 9 7 8 8 1 3 1 9 1 9 7 1 
122 Еникеев Якуб Эдвимович 23КНТ-8 3 8 5 3 3 7 9 5 1 3 10 2 3 8 5 7 7 7 7 0 
123 Жиленко Игорь Евгеньевич 23КНТ-8 5 5 10 6 0 9 9 6 0 4 4 9 8 4 9 6 6 9 0 8 
124 Зимин Владимир Владимирович 23КНТ-8 5 10 4 10 9 5 9 1 3 6 0 2 7 6 8 8 6 2 7 5 
125 Калетурина Полина Игоревна 23КНТ-8 6 8 7 3 2 4 5 7 8 1 5 1 10 10 4 5 9 0 0 10 
126 Кирюхин Семен Сергеевич 23КНТ-8 5 5 5 1 9 1 6 2 2 8 1 10 10 10 6 8 6 6 6 7 
127 Колодяжный Максим Владимирович 23КНТ-8 8 5 1 9 4 6 10 5 0 1 5 6 7 10 1 8 4 10 1 5 
128 Кононов Арсений Александрович 23КНТ-8 1 0 5 10 1 6 8 8 3 2 2 8 4 6 7 6 6 5 2 10 
129 Красцов Данила Сергеевич 23КНТ-8 1 2 2 5 8 4 0 6 0 6 6 5 3 8 3 3 8 0 2 1 
130 Кряжев Макар Михайлович 23КНТ-8 2 5 6 5 4 9 7 0 1 0 9 10 6 10 4 6 10 9 7 1 
131 Мартьянов Егор Александрович 23КНТ-8 10 0 6 7 1 2 0 9 9 5 9 2 5 2 5 9 1 7 0 0 
132 Матвеев Сергей Евгеньевич 23КНТ-8 6 10 4 9 7 8 1 6 3 8 4 8 6 6 10 8 9 0 4 9 
133 Меньков Александр Николаевич 23КНТ-8 8 2 2 2 0 7 8 8 1 2 0 7 5 3 0 10 6 5 7 7 
134 Меркулов Николай Андреевич 23КНТ-8 3 0 5 10 0 4 9 8 8 4 0 2 9 3 10 5 7 7 3 9 
135 Муслин Артемий Михайлович 23КНТ-8 6 2 1 6 10 8 6 1 4 5 3 1 7 9 0 7 9 5 0 3 
136 Орехов Антон Вадимович 23КНТ-8 3 4 9 10 9 9 6 1 1 5 5 4 8 2 0 7 3 7 10 8 
137 Попов Роман Евгеньевич 23КНТ-8 3 3 10 0 7 9 6 5 3 7 10 3 4 2 1 3 4 4 10 3 
138 Прохоров Андрей Валерьевич 23КНТ-8 3 4 0 5 2 3 6 3 9 1 5 2 3 9 6 0 10 8 10 4 
139 Самойлов Тимофей Сергеевич 23КНТ-8 8 1 7 5 0 5 0 0 0 6 7 6 4 8 2 3 7 1 10 1 
140 Сапрыкин Николай Андреевич 23КНТ-8 5 6 3 5 7 5 6 1 2 7 9 2 0 7 1 3 6 10 6 2 
141 Серышева Юлия Владимировна 23КНТ-8 1 6 7 10 5 2 2 1 7 10 9 7 0 9 4 1 0 1 1 3 
142 Соколов Максим Сергеевич 23КНТ-8 1 1 3 8 8 5 3 3 3 4 4 4 10 6 7 7 0 10 4 9 
143 Сподаренко Никита Андреевич 23КНТ-8 1 8 3 0 10 5 6 10 2 1 9 3 2 3 2 10 3 1 5 9 
144 Яшина Нина Анатольевна 23КНТ-8 8 5 1 2 6 3 1 5 4 0 4 0 10 9 0 2 10 0 7 3 
171 Цирулев Дмитрий Александрович 23КНТ-9 5 3 0 10 0 7 10 6 5 4 0 3 1 7 6 8 4 5 5 6 
145 Абдулхаков Артур Айратович 23КНТ-9 4 7 6 5 7 5 5 10 2 10 4 4 1 3 9 3 3 9 9 2 
146 Авербух Семён Вячеславович 23КНТ-9 10 0 9 3 10 7 8 7 4 7 8 6 9 8 5 5 2 7 10 5 
147 Бузина Виктория Ильинична 23КНТ-9 9 0 4 1 6 9 4 6 2 1 4 10 2 2 8 3 3 0 4 4 
148 Бычкова Антонина Максимовна 23КНТ-9 0 6 0 3 5 0 6 8 9 9 1 1 10 5 6 9 7 1 3 5 
149 Воскобойник Дмитрий Вячеславович 23КНТ-9 2 9 0 5 1 4 10 9 5 10 9 4 3 7 0 8 9 8 10 4 
150 Высоцкий Леонид Дмитриевич 23КНТ-9 10 2 1 0 7 9 3 4 7 2 9 5 2 6 8 9 2 9 4 5 
151 Гусев Егор Александрович 23КНТ-9 6 10 10 5 10 0 7 0 6 3 1 3 8 9 4 0 0 0 9 6 
152 Денисов Александр Алексеевич 23КНТ-9 6 6 8 4 10 0 9 6 5 3 10 6 3 9 6 7 0 2 10 3 
153 Идрисов Данил Тимурович 23КНТ-9 3 3 0 1 2 8 2 6 0 10 1 2 1 9 2 10 0 7 3 2 
154 Ищенко Антон Сергеевич 23КНТ-9 5 9 7 5 9 2 8 4 4 6 3 10 3 8 6 8 1 2 9 6 
155 Камаева Екатерина Сергеевна 23КНТ-9 6 10 8 5 1 7 3 7 2 9 2 0 6 0 5 0 4 0 2 3 
156 Камалетдинов Тимур Рамильевич 23КНТ-9 5 6 2 7 5 1 5 4 2 9 8 2 1 4 7 5 5 2 0 3 
157 Карташов Никита Романович 23КНТ-9 8 10 2 6 3 7 9 10 6 7 0 1 2 7 8 2 3 0 10 4 
158 Ким Дмитрий Андреевич 23КНТ-9 10 0 9 10 1 2 4 2 6 4 6 5 3 5 10 6 7 3 7 4 
159 Комиссаров Денис Сергеевич 23КНТ-9 3 8 6 6 3 2 1 7 5 5 9 6 10 10 2 5 10 1 3 4 
160 Корчагова Алина Вадимовна 23КНТ-9 0 5 10 7 8 1 0 8 7 1 3 2 5 9 3 5 6 4 7 7 
161 Костин Виталий Олегович 23КНТ-9 7 7 5 3 9 4 9 6 5 3 0 1 3 5 1 9 0 1 4 7 
162 Кошуринова Олеся Михайловна 23КНТ-9 5 10 0 6 3 4 2 8 8 9 2 0 4 4 1 7 0 0 5 7 
163 Ларьков Александр Дмитриевич 23КНТ-9 2 1 10 4 6 6 6 10 9 6 0 2 8 1 2 8 1 3 5 4 
164 Линник Артём Дмитриевич 23КНТ-9 9 3 0 6 5 5 6 3 0 8 1 7 6 2 4 3 2 8 0 3 
165 Манаков Илья Алексеевич 23КНТ-9 9 4 9 5 2 6 0 2 0 3 0 9 3 2 6 10 7 8 8 3 
166 Монёв Кирилл Александрович 23КНТ-9 3 6 10 7 1 10 6 9 8 2 4 9 2 0 8 3 0 5 5 10 
167 Полякова Татьяна Николаевна 23КНТ-9 3 3 1 6 7 10 5 3 0 7 8 5 10 9 0 8 3 9 0 3 
168 Сейтбаев Булат Маратович 23КНТ-9 10 0 4 7 7 1 3 9 4 5 7 0 3 1 5 7 9 0 10 2 
169 Сибатуллин Самир Хамидович 23КНТ-9 10 7 9 6 6 3 6 3 6 9 3 1 9 4 2 0 8 4 7 7 
170 Федоряко Александр Николаевич 23КНТ-9 3 0 0 9 1 10 0 1 9 4 0 4 4 10 4 6 7 10 2 8 
172 Шабашев Иван Владимирович 23КНТ-9 2 5 8 10 4 2 9 7 9 10 2 8 0 6 8 1 0 4 10 1 
173 Шкуматова Мария Петровна 23КНТ-9 8 0 5 8 6 1 8 4 4 4 10 6 1 9 8 0 9 10 8 6 
